p = 1000
n = 300 
s0 = 10
rho = 0.5
randSeed = 1